1 0 0.00 0.00
1 1 5186.10 -21.20
2 0 0.00 0.00
2 1 -4298.26 -39.32
2 2 -396.64 -9.61
3 0 0.00 0.00
3 1 -696.88 17.15
3 2 568.17 -8.71
3 3 -388.25 -6.32
4 0 0.00 0.00
4 1 1508.56 9.41
4 2 -907.45 3.91
4 3 250.58 10.67
4 4 -224.66 -0.22
5 0 0.00 0.00
5 1 445.30 -3.05
5 2 1321.09 11.53
5 3 -626.40 9.41
5 4 -87.19 8.43
5 5 74.58 -0.35
6 0 0.00 0.00
6 1 -328.91 -13.23
6 2 951.95 -26.90
6 3 648.58 -1.99
6 4 -333.96 -2.18
6 5 1.63 -0.47
6 6 29.42 1.01
7 0 0.00 0.00
7 1 -2291.34 24.83
7 2 -700.85 8.69
7 3 126.97 2.05
7 4 296.37 3.70
7 5 91.38 -4.94
7 6 -61.51 -0.24
7 7 -3.75 0.13
8 0 0.00 0.00
8 1 797.67 -13.41
8 2 -1205.77 5.61
8 3 352.07 12.43
8 4 -574.83 10.69
8 5 229.87 1.48
8 6 61.10 -2.06
8 7 -37.35 1.00
8 8 -1.32 0.25
9 0 0.00 0.00
9 1 -2509.85 0.00
9 2 1455.91 0.00
9 3 1037.29 0.00
9 4 -349.53 0.00
9 5 -283.00 0.00
9 6 146.14 0.00
9 7 28.63 0.00
9 8 -21.19 0.00
9 9 2.92 0.00
10 0 0.00 0.00
10 1 413.59 0.00
10 2 0.00 0.00
10 3 661.12 0.00
10 4 572.67 0.00
10 5 -436.10 0.00
10 6 -49.58 0.00
10 7 -58.13 0.00
10 8 1.64 0.00
10 9 -5.84 0.00
10 10 -4.39 0.00
11 5 142.58 0.00
11 6 -65.88 0.00
11 7 -138.89 0.00
11 8 -20.48 0.00
11 9 -10.58 0.00
11 10 -5.17 0.00
11 11 -0.52 0.00
11 0 0.00 0.00
11 1 46.64 0.00
11 2 531.76 0.00
11 3 -295.17 0.00
11 4 -622.74 0.00
12 0 0.00 0.00
12 1 -358.81 0.00
12 2 238.54 0.00
12 3 1623.05 0.00
12 4 -1265.98 0.00
12 5 233.81 0.00
12 6 62.49 0.00
12 7 0.00 0.00
12 8 0.00 0.00
12 9 7.66 0.00
12 10 -8.49 0.00
12 11 -1.11 0.00
12 12 0.45 0.00
13 0 0.00 0.00
13 1 -1557.16 0.00
13 2 309.50 0.00
13 3 2309.64 0.00
13 4 -393.65 0.00
13 5 -695.88 0.00
13 6 -45.15 0.00
13 7 187.00 0.00
13 8 42.84 0.00
13 9 40.84 0.00
13 10 8.52 0.00
13 11 -2.01 0.00
13 12 -1.42 0.00
13 13 -0.50 0.00