1 0 -29619.40 13.30
1 1 -1728.20 11.60
2 0 -3401.55 -21.60
2 1 5314.62 -6.41
2 2 1447.04 -3.12
3 0 3349.00 -2.75
3 1 -7005.54 -10.72
3 2 2424.68 -2.32
3 3 564.86 -6.72
4 0 4078.81 -11.81
4 1 4354.14 12.17
4 2 978.28 -31.31
4 3 -842.94 9.41
4 4 82.31 -1.41
5 0 -1723.05 -11.03
5 1 3572.54 7.12
5 2 1708.42 -19.98
5 3 -613.69 -5.65
5 4 -374.04 0.00
5 5 -9.05 -0.14
6 0 1043.83 5.78
6 1 1289.19 5.67
6 2 1108.86 10.46
6 3 -1603.02 18.93
6 4 -32.20 -9.28
6 5 39.32 -1.16
6 6 -60.72 0.47
7 0 2118.19 5.36
7 1 -2624.75 -3.55
7 2 0.00 -8.69
7 3 681.93 22.53
7 4 112.38 8.64
7 5 42.60 3.09
7 6 17.68 -0.73
7 7 -0.78 0.32
8 0 1226.67 5.03
8 1 442.41 13.41
8 2 -515.96 -28.04
8 3 -327.21 8.28
8 4 -443.82 -10.69
8 5 134.96 2.97
8 6 48.06 3.43
8 7 -19.80 -1.75
8 8 -4.39 0.25
9 0 474.80 0.00
9 1 1197.59 0.00
9 2 325.95 0.00
9 3 -697.06 0.00
9 4 355.17 0.00
9 5 -299.85 0.00
9 6 -26.10 0.00
9 7 70.06 0.00
9 8 -11.11 0.00
9 9 -4.99 0.00
10 0 -469.11 0.00
10 1 -1459.72 0.00
10 2 358.18 0.00
10 3 -512.37 0.00
10 4 -58.44 0.00
10 5 273.49 0.00
10 6 41.32 0.00
10 7 40.09 0.00
10 8 34.37 0.00
10 9 0.80 0.00
10 10 -0.65 0.00
11 5 15.84 0.00
11 6 -65.88 0.00
11 7 34.72 0.00
11 8 38.69 0.00
11 9 0.88 0.00
11 10 3.26 0.00
11 11 2.32 0.00
11 0 930.01 0.00
11 1 -792.86 0.00
11 2 -777.19 0.00
11 3 491.95 0.00
11 4 -23.95 0.00
12 0 -1452.43 0.00
12 1 -269.11 0.00
12 2 159.03 0.00
12 3 584.30 0.00
12 4 -97.38 0.00
12 5 300.62 0.00
12 6 -104.15 0.00
12 7 35.12 0.00
12 8 -17.56 0.00
12 9 -10.22 0.00
12 10 -0.94 0.00
12 11 -0.56 0.00
12 12 -0.23 0.00
13 0 -253.92 0.00
13 1 -1557.16 0.00
13 2 464.26 0.00
13 3 128.31 0.00
13 4 -393.65 0.00
13 5 904.64 0.00
13 6 -180.62 0.00
13 7 187.00 0.00
13 8 -57.12 0.00
13 9 20.42 0.00
13 10 -2.84 0.00
13 11 4.01 0.00
13 12 0.00 0.00
13 13 0.06 0.00